-20   -3.91619e-008
-19   -1.0085e-007
-18   -2.5891e-007
-17   -6.6239e-007
-16   -1.68803e-006
-15   -4.28263e-006
-14   -1.08099e-005
-13   -2.7124e-005
-12   -6.75863e-005
-11   -0.000167017
-10   -0.000408599
-9   -0.000987278
-8   -0.00234824
-7   -0.00547129
-6   -0.0123938
-5   -0.0269518
-4   -0.0549469
-3   -0.0995741
-2   -0.135335
-1   0
0   1
1   5.43656
2   22.1672
3   80.3421
4   272.991
5   890.479
6   2824
7   8773.07
8   26828.6
9   81030.8
10   242291
11   718490
12   2.11581e+006
13   6.19379e+006
14   1.80391e+007
15   5.23043e+007
16   1.51064e+008
17   4.34789e+008
18   1.24754e+009
19   3.56965e+009
20   1.01885e+010
